0 size: 3
0.000000
0.000000
0.000000
0.000000
0.000000
0.000000
0.000000
0.000000
0.000000
0.000000
0 size: 4
0.000002
0.000001
0.000001
0.000001
0.000001
0.000001
0.000001
0.000001
0.000001
0.000001
0 size: 5
0.000002
0.000002
0.000002
0.000002
0.000002
0.000002
0.000001
0.000002
0.000001
0.000002
m6.atsp size: 0
0.000016
0.000021
0.000017
0.000017
0.000015
0.000017
0.000015
0.000034
0.000017
0.000016
0 size: 7
0.000009
0.000011
0.000013
0.000011
0.000009
0.000010
0.000014
0.000010
0.000011
0.000012
m8.atsp size: 0
0.000084
0.000098
0.000094
0.000132
0.000137
0.000115
0.000114
0.000097
0.000098
0.000122
m9.atsp size: 0
0.000323
0.000404
0.000442
0.000435
0.000453
0.000402
0.000414
0.000462
0.000443
0.000404
m10.atsp size: 0
0.000623
0.000728
0.001109
0.000700
0.000712
0.000691
0.000643
0.000679
0.000703
0.000679
m11.atsp size: 0
0.000877
0.001049
0.001040
0.001116
0.001470
0.001174
0.000987
0.001053
0.000957
0.001017
m12.atsp size: 0
0.002684
0.002919
0.002781
0.002742
0.002753
0.002737
0.003055
0.002699
0.002699
0.003025
m13.atsp size: 0
0.031244
0.026850
0.028265
0.027068
0.027797
0.029066
0.029061
0.028087
0.032215
0.031098
m14.atsp size: 0
0.173542
0.199538
0.166800
0.162522
0.167995
0.168042
0.163691
0.163923
0.175725
0.163220
m15.atsp size: 0
30.999176
31.456072
30.392879
m16.atsp size: 0
56.592735
