0 size: 3
0.000000
0.000000
0.000000
0.000000
0.000000
0.000000
0.000000
0.000000
0.000000
0.000000
0.000000
0.000000
0.000000
0.000000
0.000000
0.000000
0.000000
0.000000
0.000000
0.000000
0.000000
0.000000
0.000000
0.000000
0.000000
0.000000
0.000000
0.000000
0.000000
0.000000
0.000000
0.000000
0.000000
0.000000
0.000000
0.000000
0.000000
0.000000
0.000000
0.000000
0.000000
0.000000
0.000000
0.000000
0.000000
0.000000
0.000000
0.000000
0.000000
0.000000
0.000000
0.000000
0.000000
0.000000
0.000000
0.000000
0.000000
0.000000
0.000001
0.000000
0.000000
0.000000
0.000000
0.000000
0.000000
0.000000
0.000000
0.000000
0.000000
0.000000
0.000000
0.000000
0.000000
0.000000
0.000000
0.000000
0.000000
0.000000
0.000000
0.000000
0.000000
0.000000
0.000000
0.000000
0.000000
0.000000
0.000000
0.000000
0.000000
0.000000
0.000000
0.000000
0.000000
0.000000
0.000000
0.000000
0.000000
0.000000
0.000000
0.000000
0 size: 4
0.000000
0.000000
0.000000
0.000000
0.000000
0.000000
0.000001
0.000000
0.000000
0.000000
0.000001
0.000000
0.000000
0.000000
0.000000
0.000000
0.000000
0.000000
0.000000
0.000000
0.000000
0.000000
0.000000
0.000000
0.000000
0.000000
0.000000
0.000000
0.000000
0.000000
0.000000
0.000000
0.000000
0.000000
0.000000
0.000000
0.000000
0.000000
0.000000
0.000000
0.000000
0.000000
0.000000
0.000000
0.000000
0.000000
0.000000
0.000000
0.000000
0.000000
0.000000
0.000000
0.000000
0.000000
0.000000
0.000000
0.000000
0.000000
0.000000
0.000000
0.000000
0.000000
0.000000
0.000000
0.000000
0.000000
0.000000
0.000000
0.000000
0.000000
0.000000
0.000000
0.000000
0.000000
0.000000
0.000000
0.000000
0.000000
0.000000
0.000000
0.000000
0.000000
0.000000
0.000000
0.000000
0.000000
0.000000
0.000000
0.000000
0.000000
0.000000
0.000000
0.000000
0.000000
0.000000
0.000000
0.000000
0.000000
0.000000
0.000000
0 size: 5
0.000002
0.000002
0.000002
0.000001
0.000003
0.000002
0.000002
0.000002
0.000002
0.000001
0.000002
0.000001
0.000001
0.000001
0.000002
0.000002
0.000002
0.000001
0.000001
0.000002
0.000002
0.000002
0.000001
0.000001
0.000001
0.000002
0.000002
0.000001
0.000001
0.000002
0.000002
0.000001
0.000002
0.000001
0.000001
0.000001
0.000001
0.000002
0.000001
0.000001
0.000001
0.000002
0.000001
0.000001
0.000001
0.000002
0.000001
0.000001
0.000002
0.000001
0.000001
0.000001
0.000001
0.000003
0.000002
0.000002
0.000002
0.000002
0.000001
0.000002
0.000001
0.000001
0.000001
0.000001
0.000001
0.000001
0.000002
0.000002
0.000001
0.000001
0.000001
0.000001
0.000001
0.000001
0.000001
0.000001
0.000001
0.000002
0.000002
0.000002
0.000001
0.000001
0.000001
0.000000
0.000001
0.000001
0.000001
0.000002
0.000001
0.000001
0.000003
0.000001
0.000001
0.000001
0.000001
0.000001
0.000002
0.000002
0.000001
0.000001
m6.atsp size: 0
0.000016
0.000015
0.000013
0.000016
0.000020
0.000015
0.000017
0.000015
0.000017
0.000017
0.000017
0.000036
0.000019
0.000020
0.000018
0.000017
0.000017
0.000014
0.000014
0.000012
0.000019
0.000017
0.000013
0.000021
0.000016
0.000014
0.000013
0.000012
0.000013
0.000017
0.000016
0.000015
0.000012
0.000015
0.000013
0.000024
0.000019
0.000018
0.000017
0.000018
0.000018
0.000015
0.000012
0.000017
0.000016
0.000012
0.000011
0.000013
0.000012
0.000017
0.000014
0.000018
0.000016
0.000013
0.000011
0.000010
0.000016
0.000013
0.000012
0.000016
0.000014
0.000011
0.000010
0.000023
0.000016
0.000013
0.000011
0.000010
0.000009
0.000010
0.000018
0.000018
0.000017
0.000013
0.000013
0.000011
0.000010
0.000015
0.000018
0.000013
0.000011
0.000018
0.000013
0.000011
0.000010
0.000031
0.000013
0.000011
0.000009
0.000010
0.000009
0.000014
0.000018
0.000014
0.000012
0.000018
0.000016
0.000019
0.000015
0.000012
0 size: 7
0.000021
0.000031
0.000023
0.000020
0.000015
0.000013
0.000018
0.000019
0.000020
0.000015
0.000021
0.000023
0.000020
0.000015
0.000022
0.000015
0.000018
0.000014
0.000011
0.000012
0.000015
0.000021
0.000016
0.000018
0.000015
0.000013
0.000017
0.000019
0.000014
0.000021
0.000018
0.000020
0.000017
0.000017
0.000018
0.000014
0.000011
0.000010
0.000019
0.000014
0.000012
0.000011
0.000010
0.000022
0.000019
0.000016
0.000013
0.000012
0.000017
0.000024
0.000018
0.000018
0.000018
0.000013
0.000011
0.000010
0.000011
0.000009
0.000009
0.000018
0.000019
0.000014
0.000022
0.000018
0.000019
0.000024
0.000021
0.000020
0.000033
0.000018
0.000014
0.000011
0.000010
0.000024
0.000022
0.000020
0.000016
0.000020
0.000017
0.000016
0.000016
0.000014
0.000014
0.000018
0.000015
0.000019
0.000014
0.000012
0.000017
0.000018
0.000016
0.000013
0.000041
0.000018
0.000019
0.000022
0.000016
0.000017
0.000016
0.000015
m8.atsp size: 0
0.000139
0.000095
0.000106
0.000125
0.000102
0.000101
0.000097
0.000098
0.000095
0.000093
0.000106
0.000099
0.000101
0.000093
0.000093
0.000174
0.000097
0.000108
0.000105
0.000104
0.000096
0.000096
0.000095
0.000108
0.000104
0.000105
0.000100
0.000098
0.000101
0.000105
0.000162
0.000116
0.000114
0.000092
0.000108
0.000104
0.000098
0.000089
0.000164
0.000102
0.000096
0.000094
0.000094
0.000097
0.000092
0.000092
0.000102
0.000096
0.000095
0.000093
0.000137
0.000109
0.000104
0.000102
0.000098
0.000098
0.000094
0.000092
0.000100
0.000098
0.000097
0.000102
0.000096
0.000102
0.000098
0.000123
0.000095
0.000093
0.000107
0.000102
0.000096
0.000094
0.000104
0.000106
0.000099
0.000097
0.000095
0.000095
0.000095
0.000092
0.000091
0.000090
0.000129
0.000098
0.000096
0.000097
0.000092
0.000117
0.000108
0.000104
0.000100
0.000097
0.000099
0.000092
0.000091
0.000094
0.000089
0.000090
0.000087
0.000094
m9.atsp size: 0
0.000326
0.000363
0.000355
0.000336
0.000397
0.000339
0.000387
0.000422
0.000400
0.000396
0.000346
0.000383
0.000401
0.000395
0.000435
0.000480
0.000354
0.000338
0.000715
0.000395
0.000382
0.000371
0.000404
0.000384
0.000384
0.000394
0.000352
0.000412
0.000397
0.000409
0.000371
0.000364
0.000374
0.000330
0.000353
0.000393
0.000371
0.000422
0.000402
0.000398
0.000393
0.000394
0.000399
0.000391
0.000399
0.000383
0.000416
0.000398
0.000341
0.000398
0.000347
0.000402
0.000404
0.000401
0.000399
0.000382
0.000397
0.000417
0.000401
0.000398
0.000397
0.000393
0.000405
0.000393
0.000434
0.000407
0.000399
0.000394
0.000392
0.000393
0.000390
0.000368
0.000405
0.000322
0.000395
0.000394
0.000401
0.000395
0.000397
0.000359
0.000406
0.000372
0.000405
0.000394
0.000393
0.000393
0.000407
0.000370
0.000352
0.000397
0.000398
0.000397
0.000396
0.000458
0.000403
0.000411
0.000395
0.000445
0.000397
0.000395
m10.atsp size: 0
0.000614
0.000694
0.000752
0.000743
0.000760
0.000769
0.000742
0.000663
0.000831
0.000748
0.001349
0.000727
0.000723
0.000678
0.000748
0.001018
0.000727
0.000684
0.000668
0.000755
0.000757
0.000753
0.000746
0.000620
0.000608
0.000655
0.000751
0.000746
0.000639
0.000720
0.000755
0.000746
0.000704
0.000700
0.000748
0.000673
0.000710
0.000729
0.000725
0.000733
0.000729
0.000831
0.000756
0.000743
0.000746
0.000751
0.000719
0.000586
0.000974
0.000968
0.000975
0.000973
0.000733
0.000591
0.000867
0.000926
0.000752
0.000747
0.000749
0.000743
0.000745
0.000737
0.000755
0.000761
0.000749
0.000746
0.000756
0.000757
0.000740
0.000622
0.000739
0.000843
0.000906
0.000763
0.000674
0.000715
0.000823
0.000604
0.000695
0.000748
0.000746
0.000809
0.000726
0.000669
0.000748
0.000694
0.000770
0.000706
0.000594
0.000756
0.000840
0.000754
0.000747
0.000729
0.000754
0.000782
0.000871
0.000753
0.000754
0.000785
m11.atsp size: 0
0.001124
0.001029
0.001186
0.001001
0.001177
0.001171
0.001170
0.001170
0.000911
0.001168
0.001365
0.001187
0.001172
0.001181
0.001195
0.001178
0.000975
0.000945
0.000981
0.001334
0.001009
0.000995
0.001034
0.001733
0.001398
0.001168
0.000985
0.001179
0.001329
0.001378
0.001088
0.001256
0.001175
0.001169
0.001167
0.001124
0.001254
0.000913
0.001031
0.001168
0.001232
0.001152
0.001112
0.000980
0.001135
0.000900
0.000884
0.000889
0.000974
0.000892
0.001171
0.001138
0.001180
0.001170
0.001065
0.001120
0.001174
0.001172
0.001177
0.001178
0.000966
0.001166
0.001166
0.001161
0.000937
0.001058
0.000961
0.000942
0.000960
0.001059
0.000959
0.000985
0.001165
0.001336
0.001014
0.001029
0.001063
0.001015
0.001356
0.001179
0.001208
0.000910
0.001401
0.001228
0.001195
0.001362
0.001330
0.001313
0.001169
0.001186
0.001227
0.001184
0.001350
0.001168
0.001166
0.001054
0.001242
0.001489
0.001170
0.001432
m12.atsp size: 0
0.003662
0.002973
0.003207
0.003376
0.002886
0.003016
0.003853
0.003778
0.004820
0.002878
0.003761
0.003448
0.003497
0.003655
0.003039
0.003064
0.003179
0.002913
0.003616
0.002978
0.003444
0.003355
0.003680
0.004330
0.003558
0.002813
0.003816
0.003003
0.003316
0.003162
0.002858
0.002710
0.003226
0.003438
0.002950
0.003830
0.003818
0.003263
0.003339
0.003007
0.002765
0.004195
0.002901
0.003171
0.003198
0.003301
0.003652
0.003478
0.002883
0.003478
0.003263
0.003004
0.003625
0.003614
0.003309
0.002734
0.002822
0.002835
0.002995
0.003857
0.002958
0.002667
0.003354
0.003117
0.003024
0.003156
0.003782
0.002818
0.002985
0.002891
0.003866
0.002864
0.003119
0.002901
0.002858
0.003215
0.002734
0.003100
0.002986
0.003455
0.003171
0.003370
0.003102
0.003217
0.002668
0.002975
0.003635
0.003489
0.002912
0.002989
0.003044
0.003322
0.003230
0.003108
0.003547
0.003882
0.003604
0.002999
0.002998
0.003585
m13.atsp size: 0
0.028392
0.028042
0.028517
0.031052
0.027971
0.032895
0.032383
0.030912
0.028647
0.028071
0.029220
0.033039
0.028529
0.031093
0.031988
0.030301
0.031679
0.028114
0.028042
0.028605
0.030049
0.036192
0.031449
0.034161
0.028127
0.029458
0.032268
0.029070
0.028550
0.027820
0.030715
0.032675
0.034127
0.033064
0.033453
0.031732
0.028536
0.027904
0.030722
0.029280
0.031254
0.030211
0.030861
0.032035
0.028787
0.031644
0.031347
0.029852
0.032552
0.034732