0 size: 3
0.000000
0.000001
0.000001
0.000001
0.000000
0.000000
0.000000
0.000000
0.000001
0.000000
0.000000
0.000001
0.000000
0.000000
0.000000
0.000000
0.000000
0.000000
0.000000
0.000000
0.000000
0.000001
0.000000
0.000000
0.000001
0.000000
0.000000
0.000000
0.000000
0.000000
0.000000
0.000000
0.000000
0.000000
0.000001
0.000001
0.000001
0.000001
0.000001
0.000001
0.000002
0.000001
0.000001
0.000002
0.000002
0.000002
0.000001
0.000001
0.000001
0.000001
0.000002
0.000002
0.000002
0.000002
0.000002
0.000002
0.000002
0.000003
0.000003
0.000003
0.000003
0.000003
0.000003
0.000003
0.000002
0.000003
0.000003
0.000003
0.000003
0.000003
0.000003
0.000012
0.000018
0.000003
0.000004
0.000003
0.000003
0.000003
0.000003
0.000003
0.000003
0.000003
0.000003
0.000003
0.000003
0.000003
0.000003
0.000001
0.000001
0.000001
0.000001
0.000000
0.000000
0.000001
0.000000
0.000000
0.000000
0.000001
0.000000
0.000001
0 size: 4
0.000001
0.000001
0.000001
0.000001
0.000001
0.000000
0.000001
0.000001
0.000001
0.000001
0.000001
0.000001
0.000000
0.000001
0.000001
0.000001
0.000001
0.000000
0.000001
0.000001
0.000001
0.000001
0.000001
0.000001
0.000001
0.000001
0.000000
0.000001
0.000001
0.000001
0.000001
0.000001
0.000001
0.000001
0.000001
0.000001
0.000001
0.000000
0.000001
0.000001
0.000001
0.000000
0.000001
0.000001
0.000001
0.000001
0.000001
0.000000
0.000001
0.000001
0.000001
0.000000
0.000001
0.000001
0.000001
0.000000
0.000001
0.000001
0.000000
0.000000
0.000000
0.000000
0.000001
0.000001
0.000001
0.000002
0.000001
0.000001
0.000001
0.000001
0.000001
0.000001
0.000001
0.000001
0.000001
0.000001
0.000001
0.000001
0.000003
0.000003
0.000003
0.000003
0.000003
0.000004
0.000003
0.000003
0.000003
0.000003
0.000003
0.000003
0.000003
0.000003
0.000004
0.000003
0.000003
0.000003
0.000003
0.000003
0.000003
0.000003
0 size: 5
0.000007
0.000007
0.000008
0.000009
0.000009
0.000012
0.000010
0.000011
0.000010
0.000010
0.000012
0.000010
0.000010
0.000007
0.000006
0.000007
0.000005
0.000010
0.000010
0.000010
0.000010
0.000006
0.000006
0.000006
0.000010
0.000010
0.000010
0.000011
0.000012
0.000010
0.000010
0.000010
0.000010
0.000009
0.000010
0.000010
0.000010
0.000010
0.000010
0.000010
0.000012
0.000011
0.000010
0.000010
0.000010
0.000010
0.000010
0.000010
0.000010
0.000010
0.000010
0.000010
0.000010
0.000009
0.000009
0.000012
0.000010
0.000010
0.000010
0.000010
0.000010
0.000010
0.000010
0.000010
0.000010
0.000010
0.000010
0.000010
0.000010
0.000010
0.000010
0.000010
0.000010
0.000012
0.000010
0.000011
0.000010
0.000010
0.000006
0.000006
0.000006
0.000006
0.000004
0.000006
0.000006
0.000006
0.000006
0.000007
0.000006
0.000006
0.000006
0.000006
0.000005
0.000006
0.000006
0.000007
0.000006
0.000006
0.000004
0.000006
m6.atsp size: 0
0.000017
0.000025
0.000025
0.000025
0.000017
0.000025
0.000025
0.000024
0.000017
0.000024
0.000025
0.000024
0.000024
0.000025
0.000025
0.000041
0.000038
0.000041
0.000043
0.000041
0.000040
0.000041
0.000041
0.000042
0.000041
0.000041
0.000041
0.000041
0.000041
0.000037
0.000027
0.000027
0.000027
0.000026
0.000026
0.000022
0.000026
0.000027
0.000027
0.000026
0.000026
0.000026
0.000027
0.000028
0.000026
0.000027
0.000026
0.000026
0.000026
0.000018
0.000026
0.000027
0.000027
0.000032
0.000026
0.000026
0.000026
0.000026
0.000027
0.000021
0.000042
0.000042
0.000040
0.000041
0.000041
0.000042
0.000042
0.000042
0.000041
0.000042
0.000041
0.000058
0.000041
0.000041
0.000020
0.000025
0.000022
0.000021
0.000040
0.000042
0.000041
0.000041
0.000042
0.000043
0.000042
0.000045
0.000041
0.000041
0.000042
0.000040
0.000041
0.000042
0.000041
0.000042
0.000042
0.000041
0.000041
0.000041
0.000040
0.000041
0 size: 7
0.000202
0.000280
0.000199
0.000266
0.000200
0.000256
0.000286
0.000255
0.000258
0.000258
0.000259
0.000258
0.000258
0.000258
0.000256
0.000260
0.000258
0.000258
0.000257
0.000357
0.000262
0.000267
0.000247
0.000258
0.000215
0.000231
0.000231
0.000234
0.000230
0.000233
0.000259
0.000257
0.000256
0.000202
0.000145
0.000112
0.000145
0.000148
0.000235
0.000235
0.000239
0.000259
0.000262
0.000256
0.000257
0.000257
0.000260
0.000247
0.000257
0.000259
0.000200
0.000260
0.000257
0.000285
0.000266
0.000265
0.000256
0.000263
0.000256
0.000273
0.000258
0.000257
0.000257
0.000260
0.000257
0.000257
0.000258
0.000201
0.000222
0.000256
0.000260
0.000258
0.000258
0.000258
0.000166
0.000166
0.000166
0.000165
0.000165
0.000170
0.000164
0.000166
0.000162
0.000169
0.000157
0.000165
0.000165
0.000178
0.000132
0.000167
0.000151
0.000165
0.000165
0.000170
0.000166
0.000161
0.000278
0.000257
0.000260
0.000258
m8.atsp size: 0
0.002117
0.002062
0.001391
0.001254
0.001798
0.002203
0.001328
0.001278
0.000981
0.001084
0.001076
0.001347
0.001006
0.001322
0.001324
0.001296
0.001354
0.001344
0.001322
0.001246
0.001308
0.001101
0.001316
0.000987
0.001353
0.001199
0.001074
0.001332
0.001236
0.001338
0.001319
0.001358
0.001236
0.001001
0.001324
0.001174
0.001328
0.001315
0.001059
0.001281
0.001237
0.001113
0.001112
0.001079
0.001323
0.001412
0.001109
0.001239
0.001232
0.001095
m9.atsp size: 0
0.016155
0.009644
0.010360
0.016446
0.016425
0.010950
0.009948
0.013358
0.009683
0.015922
0.010959
0.010329
0.005749
0.006233
0.014310
0.010426
0.006121
0.008156
0.016205
0.016986
0.011625
0.010878
0.010268
0.005847
0.005779
0.006726
0.006045
0.005898
0.005967
0.005871
0.005780
0.006433
0.006294
0.007051
0.007553
0.008413
0.007715
0.008771
0.013267
0.013263
0.013494
0.013662
0.013273
0.014674
0.015895
0.016203
0.011065
0.009744
0.016126
0.016483
m10.atsp size: 0
0.061567
0.060246
0.059909
0.042299
0.041790
0.041468
0.045143
0.041482
0.043445
0.042848
0.042700
0.062713
0.041256
0.052958
0.056173
0.062263
0.042309
0.041624
0.041563
0.041085
0.041508
0.049936
0.041090
0.060429
0.043123
m11.atsp size: 0
0.470668
0.507466
0.506868
0.503808
0.473414
0.545906
0.500967
0.471520
0.540516
0.504389
0.464965
0.500009
0.463132
0.505051
0.498306
0.474985
0.464242
0.464554
0.499277
0.464428
0.517694
0.469490
0.464504
0.466593
0.538765
m12.atsp size: 0
5.797910
5.824239
5.838535
5.857011
5.818850
m13.atsp size: 0
81.006027
