0 size: 3
0.000000
0.000000
0.000003
0.000001
0.000002
0.000002
0.000001
0.000001
0.000001
0.000000
0 size: 4
0.000002
0.000002
0.000001
0.000003
0.000002
0.000001
0.000001
0.000001
0.000001
0.000001
0 size: 5
0.000004
0.000002
0.000002
0.000002
0.000002
0.000003
0.000002
0.000003
0.000003
0.000002
m6.atsp size: 0
0.000008
0.000011
0.000010
0.000012
0.000011
0.000008
0.000011
0.000010
0.000011
0.000033
0 size: 7
0.000091
0.000074
0.000069
0.000052
0.000073
0.000068
0.000069
0.000054
0.000069
0.000059
m8.atsp size: 0
0.000440
0.000536
0.000553
0.000545
0.000577
0.000464
0.000538
0.000519
0.000516
0.000502
m9.atsp size: 0
0.004373
0.004264
0.006095
0.004648
0.004230
0.004268
0.004392
0.004583
0.004233
0.004184
m10.atsp size: 0
0.045318
0.046052
0.045652
0.044533
0.046561
0.049878
0.044764
0.046091
0.045970
0.046523
m11.atsp size: 0
0.547199
0.529973
0.526386
0.541565
0.539945
0.552152
0.520482
0.524623
0.520080
0.517159
m12.atsp size: 0
6.666390
m13.atsp size: 0
