0 size: 3
0.000000
0.000000
0.000000
0.000000
0.000000
0.000000
0.000000
0.000000
0.000000
0.000000
0.000000
0.000000
0.000000
0.000000
0.000000
0.000000
0.000000
0.000000
0.000000
0.000000
0.000000
0.000000
0.000000
0.000000
0.000000
0.000000
0.000000
0.000000
0.000000
0.000000
0.000000
0.000000
0.000000
0.000000
0.000000
0.000000
0.000000
0.000000
0.000000
0.000000
0.000000
0.000000
0.000000
0.000000
0.000000
0.000000
0.000000
0.000000
0.000000
0.000000
0.000000
0.000000
0.000000
0.000000
0.000000
0.000000
0.000000
0.000000
0.000000
0.000000
0.000000
0.000000
0.000000
0.000000
0.000000
0.000000
0.000000
0.000000
0.000000
0.000000
0.000000
0.000000
0.000000
0.000000
0.000000
0.000000
0.000000
0.000000
0.000000
0.000000
0.000000
0.000000
0.000000
0.000000
0.000000
0.000000
0.000000
0.000000
0.000000
0.000000
0.000000
0.000000
0.000000
0.000000
0.000000
0.000000
0.000000
0.000000
0.000000
0.000000
0 size: 4
0.000000
0.000000
0.000000
0.000000
0.000000
0.000000
0.000000
0.000000
0.000000
0.000000
0.000000
0.000000
0.000000
0.000000
0.000000
0.000000
0.000000
0.000001
0.000001
0.000000
0.000000
0.000001
0.000000
0.000000
0.000001
0.000001
0.000001
0.000000
0.000001
0.000000
0.000000
0.000001
0.000001
0.000001
0.000001
0.000000
0.000001
0.000001
0.000001
0.000001
0.000001
0.000001
0.000001
0.000001
0.000001
0.000000
0.000001
0.000001
0.000001
0.000001
0.000001
0.000001
0.000001
0.000001
0.000001
0.000001
0.000001
0.000000
0.000001
0.000000
0.000001
0.000001
0.000001
0.000001
0.000001
0.000000
0.000000
0.000000
0.000000
0.000000
0.000000
0.000000
0.000001
0.000000
0.000001
0.000000
0.000001
0.000001
0.000001
0.000000
0.000000
0.000000
0.000000
0.000001
0.000000
0.000000
0.000000
0.000000
0.000000
0.000000
0.000000
0.000000
0.000000
0.000000
0.000000
0.000000
0.000000
0.000000
0.000000
0.000000
0 size: 5
0.000001
0.000001
0.000001
0.000001
0.000001
0.000001
0.000001
0.000001
0.000001
0.000001
0.000001
0.000001
0.000001
0.000001
0.000001
0.000000
0.000000
0.000001
0.000001
0.000000
0.000001
0.000001
0.000001
0.000001
0.000001
0.000001
0.000001
0.000001
0.000000
0.000001
0.000001
0.000001
0.000001
0.000001
0.000001
0.000001
0.000001
0.000000
0.000001
0.000001
0.000001
0.000001
0.000001
0.000001
0.000000
0.000001
0.000001
0.000001
0.000001
0.000001
0.000001
0.000001
0.000001
0.000000
0.000001
0.000001
0.000001
0.000001
0.000001
0.000001
0.000001
0.000001
0.000001
0.000000
0.000001
0.000001
0.000000
0.000000
0.000000
0.000001
0.000001
0.000001
0.000001
0.000001
0.000001
0.000001
0.000000
0.000001
0.000000
0.000001
0.000001
0.000001
0.000001
0.000000
0.000000
0.000001
0.000001
0.000000
0.000000
0.000000
0.000001
0.000001
0.000001
0.000001
0.000001
0.000001
0.000001
0.000001
0.000000
0.000001
m6.atsp size: 0
0.000003
0.000003
0.000003
0.000003
0.000003
0.000002
0.000003
0.000003
0.000003
0.000002
0.000002
0.000002
0.000003
0.000002
0.000003
0.000003
0.000002
0.000003
0.000002
0.000019
0.000003
0.000021
0.000002
0.000003
0.000002
0.000002
0.000002
0.000002
0.000002
0.000002
0.000002
0.000003
0.000003
0.000003
0.000002
0.000002
0.000002
0.000002
0.000002
0.000002
0.000003
0.000003
0.000002
0.000002
0.000019
0.000002
0.000001
0.000002
0.000003
0.000002
0.000002
0.000002
0.000002
0.000019
0.000002
0.000003
0.000002
0.000002
0.000003
0.000003
0.000003
0.000003
0.000003
0.000002
0.000003
0.000003
0.000003
0.000003
0.000002
0.000003
0.000003
0.000003
0.000002
0.000002
0.000002
0.000002
0.000003
0.000003
0.000002
0.000002
0.000002
0.000002
0.000003
0.000002
0.000002
0.000002
0.000003
0.000002
0.000002
0.000003
0.000002
0.000003
0.000002
0.000002
0.000002
0.000002
0.000002
0.000002
0.000003
0.000003
0 size: 7
0.000007
0.000008
0.000007
0.000007
0.000007
0.000006
0.000014
0.000014
0.000015
0.000014
0.000014
0.000014
0.000014
0.000014
0.000017
0.000014
0.000015
0.000014
0.000014
0.000015
0.000015
0.000016
0.000016
0.000015
0.000015
0.000015
0.000014
0.000015
0.000015
0.000021
0.000013
0.000010
0.000011
0.000009
0.000009
0.000011
0.000012
0.000011
0.000012
0.000010
0.000009
0.000010
0.000009
0.000012
0.000009
0.000014
0.000009
0.000009
0.000009
0.000010
0.000009
0.000010
0.000007
0.000008
0.000010
0.000010
0.000011
0.000010
0.000012
0.000010
0.000008
0.000012
0.000007
0.000008
0.000007
0.000007
0.000006
0.000007
0.000009
0.000007
0.000006
0.000008
0.000008
0.000008
0.000007
0.000007
0.000007
0.000024
0.000007
0.000006
0.000006
0.000005
0.000006
0.000007
0.000007
0.000006
0.000006
0.000006
0.000007
0.000006
0.000008
0.000008
0.000007
0.000006
0.000006
0.000006
0.000007
0.000007
0.000007
0.000006
m8.atsp size: 0
0.000018
0.000044
0.000017
0.000017
0.000018
0.000017
0.000018
0.000027
0.000024
0.000018
0.000041
0.000018
0.000042
0.000019
0.000018
0.000019
0.000017
0.000018
0.000017
0.000018
0.000038
0.000038
0.000038
0.000036
0.000038
0.000043
0.000037
0.000037
0.000039
0.000036
0.000040
0.000035
0.000037
0.000038
0.000039
0.000038
0.000038
0.000038
0.000037
0.000041
0.000038
0.000038
0.000039
0.000037
0.000038
0.000038
0.000038
0.000040
0.000038
0.000038
0.000039
0.000038
0.000038
0.000038
0.000038
0.000038
0.000038
0.000038
0.000042
0.000038
0.000038
0.000047
0.000041
0.000038
0.000038
0.000038
0.000038
0.000039
0.000037
0.000037
0.000040
0.000038
0.000040
0.000038
0.000039
0.000038
0.000040
0.000040
0.000038
0.000047
0.000038
0.000038
0.000044
0.000046
0.000046
0.000069
0.000067
0.000069
0.000070
0.000068
0.000067
0.000090
0.000072
0.000068
0.000072
0.000072
0.000068
0.000068
0.000068
0.000068
m9.atsp size: 0
0.000162
0.000162
0.000162
0.000168
0.000161
0.000164
0.000162
0.000162
0.000164
0.000164
0.000169
0.000163
0.000176
0.000164
0.000182
0.000164
0.000164
0.000168
0.000164
0.000178
0.000163
0.000163
0.000166
0.000166
0.000164
0.000163
0.000163
0.000164
0.000162
0.000188
0.000169
0.000248
0.000163
0.000251
0.000079
0.000077
0.000079
0.000077
0.000077
0.000093
0.000188
0.000166
0.000147
0.000173
0.000146
0.000163
0.000339
0.000072
0.000065
0.000070
0.000071
0.000068
0.000047
0.000047
0.000046
0.000047
0.000048
0.000048
0.000043
0.000064
0.000064
0.000067
0.000068
0.000074
0.000043
0.000043
0.000047
0.000046
0.000043
0.000042
0.000075
0.000051
0.000042
0.000048
0.000045
0.000065
0.000046
0.000046
0.000061
0.000043
0.000041
0.000041
0.000041
0.000042
0.000051
0.000072
0.000070
0.000042
0.000045
0.000045
0.000042
0.000044
0.000043
0.000043
0.000055
0.000071
0.000043
0.000054
0.000047
0.000043
m10.atsp size: 0
0.000105
0.000105
0.000124
0.000141
0.000246
0.000242
0.000236
0.000237
0.000238
0.000234
0.000241
0.000258
0.000236
0.000240
0.000270
0.000235
0.000237
0.000252
0.000236
0.000273
0.000237
0.000237
0.000237
0.000236
0.000279
0.000236
0.000407
0.000394
0.000437
0.000390
0.000396
0.000422
0.000400
0.000435
0.000445
0.000437
0.000405
0.000394
0.000396
0.000395
0.000394
0.000406
0.000395
0.000430
0.000427
0.000420
0.000210
0.000209
0.000141
0.000133
0.000113
0.000136
0.000122
0.000146
0.000245
0.000248
0.000236
0.000242
0.000236
0.000263
0.000398
0.000419
0.000439
0.000401
0.000443
0.000438
0.000438
0.000397
0.000601
0.000402
0.000706
0.000478
0.000395
0.000397
0.000284
0.000371
0.000273
0.000254
0.000256
0.000267
0.000183
0.000155
0.000196
0.000193
0.000155
0.000155
0.000156
0.000155
0.000152
0.000156
0.000153
0.000153
0.000154
0.000152
0.000152
0.000154
0.000159
0.000164
0.000160
0.000167
m11.atsp size: 0
0.000388
0.000381
0.000378
0.000371
0.000366
0.000375
0.000401
0.000389
0.000375
0.000437
0.000890
0.000932
0.000944
0.000856
0.000856
0.000933
0.000868
0.000905
0.000890
0.000910
0.000936
0.000922
0.000940
0.000868
0.000914
0.000972
0.000903
0.000928
0.000934
0.000934
0.000934
0.000496
0.000447
0.000418
0.000409
0.000430
0.000409
0.000411
0.000406
0.000918
0.000906
0.000913
0.001870
0.000907
0.000697
0.000538
0.000581
0.000546
0.000452
0.000434
0.000411
0.000408
0.000442
0.000457
0.000421
0.000416
0.000415
0.000692
0.000437
0.000329
0.000337
0.000260
0.000414
0.000481
0.000424
0.000340
0.000453
0.000321
0.000439
0.000298
0.000433
0.000340
0.000298
0.000253
0.000332
0.000289
0.000281
0.000302
0.000301
0.000280
0.000402
0.000514
0.000415
0.000489
0.000443
0.000469
0.000418
0.000432
0.000463
0.000451
0.000479
0.000433
0.000472
0.000437
0.000664
0.000439
0.000478
0.000278
0.000282
0.000288
m12.atsp size: 0
0.001084
0.001013
0.001178
0.000665
0.000608
0.000621
0.000623
0.000605
0.000635
0.000627
0.000606
0.000962
0.000613
0.000610
0.000853
0.000628
0.000604
0.000587
0.000589
0.000747
0.000595
0.000581
0.000728
0.000613
0.000601
0.000598
0.000602
0.000687
0.000608
0.000683
0.000605
0.000597
0.000666
0.000608
0.000575
0.000990
0.000571
0.000581
0.000621
0.000607
0.000598
0.000693
0.000625
0.000595
0.000606
0.000614
0.000613
0.000592
0.000600
0.000581
0.000568
0.000665
0.000577
0.001098
0.000602
0.000613
0.000616
0.000586
0.000907
0.000603
0.000594
0.000601
0.000608
0.000608
0.000683
0.000601
0.000595
0.000600
0.000585
0.000621
0.000584
0.001031
0.000631
0.000665
0.000963
0.000574
0.000593
0.000602
0.000678
0.000625
0.000613
0.000583
0.001063
0.000645
0.000607
0.000622
0.000599
0.000585
0.000959
0.000606
0.001295
0.000602
0.000585
0.000593
0.000608
0.000656
0.001301
0.001277
0.001414
0.001289
m13.atsp size: 0
0.003799
0.003727
0.001827
0.001797
0.002273
0.001843
0.001814
0.002156
0.001792
0.001828
0.001792
0.001852
0.002228
0.001802
0.001887
0.001829
0.001987
0.002144
0.001801
0.001792
0.002023
0.001791
0.001792
0.002025
0.001788
0.001813
0.002081
0.001817
0.001793
0.001983
0.001810
0.001797
0.001987
0.001797
0.001833
0.001803
0.001922
0.002217
0.001947
0.001865
0.001801
0.001815
0.004059
0.004015
0.004840
0.005136
0.004963
0.005315
0.005022
0.005373
0.005378
0.006241
0.005085
0.002116
0.002110
0.002334
0.002101
0.002115
0.002099
0.002305
0.004285
0.005434
0.008979
0.002178
0.002723
0.002141
0.001397
0.001455
0.001451
0.001377
0.001593
0.001443
0.001409
0.001572
0.001438
0.001415
0.001382
0.001399
0.001634
0.001406
0.001459
0.001583
0.001446
0.001425
0.001790
0.001470
0.001408
0.001529
0.001418
0.001381
0.001462
0.001846
0.001403
0.001430
0.001455
0.001437
0.001542
0.001406
0.001726
0.002024
m14.atsp size: 0
0.003306
0.003257
0.003281
0.007532
0.005836
0.004838
0.005144
0.005000
0.003716
0.003374
0.003233
0.003254
0.003260
0.003195
0.003234
0.008839
0.011947
0.012298
0.006653
0.004354
0.004336
0.004374
0.004662
0.004232
0.004352
0.004253
0.003424
0.003189
0.003331
0.003616
0.003579
0.004351
0.004820
0.004671
0.003332
0.003244
0.003261
0.008599
0.005167
0.005302
0.005133
0.005221
0.003326
0.003261
0.003203
0.003267
0.003137
0.003180
0.004491
0.003089
0.003306
0.004582
0.003149
0.003218
0.003381
0.003266
0.004199
0.003636
0.003345
0.003401
0.003262
0.003906
0.003279
0.003651
0.003218
0.003282
0.004141
0.003125
0.004172
0.003976
0.003154
0.003851
0.003173
0.009222
0.004696
0.005256
0.004385
0.003174
0.004212
0.003136
0.003286
0.003761
0.003222
0.010034
0.006158
0.006063
0.006094
0.006159
0.003171
0.003301
0.003603
0.003191
0.004061
0.003091
0.003187
0.005397
0.003144
0.003102
0.003998
0.003185
m15.atsp size: 0
0.008892
0.008884
0.007937
0.008831
0.008745
0.008525
0.026922
0.019657
0.020178
0.014310
0.015241
0.008725
0.009729
0.009219
0.007708
0.008438
0.009945
0.008851
0.007977
0.007863
0.009160
0.008281
0.007846
0.007334
0.008365
0.009959
0.008397
0.007276
0.007933
0.011204
0.008686
0.007909
0.008269
0.009361
0.008867
0.008069
0.007666
0.009664
0.009023
0.008002
0.007372
0.007736
0.008886
0.009024
0.008391
0.012043
0.009857
0.008185
0.007220
0.009365
0.010679
0.007387
0.008090
0.015737
0.008842
0.009052
0.008860
0.007930
0.007432
0.007959
0.015304
0.008306
0.007886
0.007300
0.009518
0.009511
0.008233
0.008433
0.009177
0.008397
0.007361
0.008181
0.008516
0.009054
0.008393
0.008043
0.007367
0.007981
0.012393
0.008569
0.009094
0.008221
0.008047
0.008086
0.009405
0.008964
0.007837
0.007701
0.009054
0.008696
0.008797
0.007558
0.008049
0.009972
0.008095
0.007228
0.008246
0.008519
0.010263
0.008669
m16.atsp size: 0
0.035668
0.019624
0.020800
0.021093
0.021944
0.019997
0.020704
0.020610
0.020526
0.021661
0.019679
0.021984
0.021125
0.022455
0.020891
0.020123
0.021150
0.019782
0.020831
0.025789
0.022043
0.021240
0.021704
0.026529
0.019896
0.020052
0.021591
0.020297
0.020873
0.021062
0.021620
0.021112
0.020527
0.020751
0.020064
0.020380
0.020731
0.020732
0.020807
0.019736
0.020506
0.020463
0.020588
0.020541
0.024012
0.020832
0.022410
0.050848
0.036435
0.021743
0.021386
0.020485
0.022535
0.022551
0.020021
0.021022
0.019621
0.020864
0.020480
0.019491
0.021294
0.020606
0.020882
0.020855
0.019557
0.020578
0.021994
0.020949
0.020475
0.020922
0.020444
0.021042
0.020416
0.021333
0.020995
0.020428
0.020220
0.020983
0.019971
0.021124
0.022925
0.021556
0.021046
0.022422
0.020171
0.020420
0.020659
0.021431
0.020851
0.021543
0.021627
0.025350
0.021570
0.024665
0.020569
0.021634
0.022216
0.030144
0.025488
0.019850
br17.atsp size: 0
0.050525
0.051904
0.051917
0.052370
0.053560
0.062011
0.059611
0.056380
0.056120
0.054883
0.052266
0.054636
0.055525
0.053594
0.052255
0.053406
0.051743
0.059872
0.057901
0.087800
0.056582
0.052012
0.053004
0.051981
0.051394
0.053091
0.052225
0.051705
0.052333
0.057356
0.055557
0.053574
0.051922
0.051939
0.050756
0.053227
0.052804
0.052175
0.051700
0.059660
0.054025
0.098487
0.065804
0.054709
0.054392
0.050732
0.052581
0.053024
0.052705
0.066772
0.054645
0.051937
0.074537
0.075915
0.055044
0.050973
0.053355
0.054114
0.057861
0.054234
0.060602
0.053867
0.053314
0.051841
0.052168
0.052494
0.052500
0.052738
0.052316
0.052184
0.052682
0.050449
0.053212
0.069951
0.051854
0.055498
0.101378
0.088782
0.054302
0.054334
0.053529
0.052275
0.056902
0.052755
0.052317
0.052546
0.055489
0.052638
0.051840
0.052289
0.053214
0.052809
0.053513
0.053065
0.054747
0.051919
0.053266
0.051340
0.068761
0.050851
0 size: 18
0.130955
0.131254
0.145751
0.154714
0.137409
0.133701
0.129444
0.134935
0.131830
0.133685
0.131203
0.134528
0.136288
0.132769
0.149983
0.131566
0.135193
0.134745
0.134906
0.132126
0.136969
0.133438
0.132200
0.133844
0.129481
0.183009
0.203478
0.133209
0.131096
0.134347
0.134704
0.132085
0.130223
0.135550
0.136909
0.137680
0.132758
0.130098
0.137606
0.130288
0.132910
0.131458
0.132138
0.132977
0.131661
0.132473
0.129504
0.130827
0.131234
0.134554
0 size: 19
0.351063
0.350385
0.351212
0.352562
0.345234
0.353926
0.356232
0.345329
0.341217
0.343681
0.344311
0.344942
0.350192
0.347034
0.349477
0.345900
0.350620
0.344095
0.344924
0.352580
0.348670
0.348017
0.347318
0.344093
0.362496
0 size: 20
0.862141
0.888660
0.856063
0.848764
0.854080
0.866006
0.850512
0.848703
0.858693
0.855782
0.857260
0.860215
0.865145
0.861668
0.862071
0.846815
0.858384
0.862434
0.854594
0.860780
0.853343
0.859000
0.847217
0.851347
0.854125
gr21.tsp size: 0
2.047061
2.057963
2.074332
2.152592
2.063060
2.070239
2.067448
2.058527
2.062522
2.062519
0 size: 22
4.929402
7.081337
7.911862
0 size: 23
17.481516
16.478832
16.831409
gr24.tsp size: 0
47.777428
