0 size: 3
0.000000
0.000000
0.000000
0.000000
0.000000
0.000000
0.000000
0.000000
0.000000
0.000000
0 size: 4
0.000000
0.000000
0.000000
0.000000
0.000000
0.000000
0.000000
0.000000
0.000000
0.000001
0 size: 5
0.000001
0.000001
0.000002
0.000002
0.000002
0.000003
0.000002
0.000002
0.000003
0.000002
m6.atsp size: 0
0.000006
0.000006
0.000006
0.000006
0.000006
0.000008
0.000009
0.000006
0.000006
0.000006
0 size: 7
0.000019
0.000026
0.000018
0.000017
0.000018
0.000018
0.000017
0.000018
0.000024
0.000025
m8.atsp size: 0
0.000065
0.000045
0.000044
0.000045
0.000043
0.000044
0.000043
0.000047
0.000048
0.000043
m9.atsp size: 0
0.000136
0.000106
0.000105
0.000106
0.000114
0.000108
0.000105
0.000112
0.000105
0.000112
m10.atsp size: 0
0.000261
0.000256
0.000267
0.000259
0.000315
0.000364
0.000253
0.000256
0.000254
0.000256
m11.atsp size: 0
0.000651
0.000612
0.000659
0.000619
0.000622
0.000616
0.000398
0.000352
0.000406
0.000495
m12.atsp size: 0
0.000654
0.000719
0.000761
0.000663
0.000639
0.000766
0.000596
0.000594
0.000717
0.001040
m13.atsp size: 0
0.001542
0.001391
0.001402
0.002441
0.001424
0.001471
0.001709
0.001404
0.001611
0.001485
m14.atsp size: 0
0.004709
0.003970
0.003331
0.003328
0.007865
0.008752
0.005004
0.006004
0.005959
0.009123
m15.atsp size: 0
0.020022
0.017271
0.016282
0.012606
0.008982
0.011152
0.011087
0.011567
0.010097
0.008790
m16.atsp size: 0
0.031220
0.026289
0.025746
0.026396
0.028044
0.025474
0.027744
0.029612
0.025303
0.041043
br17.atsp size: 0
0.062856
0.064755
0.059665
0.065534
0.065187
0.061796
0.066542
0.060296
0.061074
0.061534
0 size: 18
0.153980
0.187908
0.189388
0.159024
0.158362
0.178129
0.161908
0.159635
0.169745
0.172802
0 size: 19
0.412832
0.416473
0.403757
0.426447
0.406065
0.428026
0.405118
0.412803
0.436462
0.407387
0 size: 20
1.035796
1.037008
1.022896
1.053287
1.014546
1.027749
1.014789
1.033203
1.021994
1.033862
gr21.tsp size: 0
2.496038
2.463811
2.492300
2.509471
2.560430
2.456928
2.484500
2.496741
2.488343
2.489766
0 size: 22
5.833209
5.892183
0 size: 23
14.597576
13.790810
gr24.tsp size: 0
32.349964
