0 size: 3
0.000000
0.000000
0.000000
0.000000
0.000000
0.000000
0.000000
0.000000
0.000000
0.000000
0.000000
0.000000
0.000000
0.000000
0.000000
0.000000
0.000000
0.000000
0.000000
0.000000
0.000000
0.000000
0.000000
0.000000
0.000000
0.000000
0.000000
0.000000
0.000000
0.000000
0.000000
0.000000
0.000000
0.000000
0.000000
0.000000
0.000000
0.000000
0.000000
0.000000
0.000000
0.000000
0.000000
0.000000
0.000000
0.000000
0.000000
0.000000
0.000000
0.000000
0.000000
0.000000
0.000000
0.000000
0.000000
0.000000
0.000000
0.000000
0.000000
0.000000
0.000000
0.000000
0.000000
0.000000
0.000000
0.000000
0.000000
0.000000
0.000000
0.000000
0.000000
0.000000
0.000000
0.000000
0.000000
0.000000
0.000000
0.000000
0.000000
0.000000
0.000000
0.000000
0.000000
0.000000
0.000000
0.000000
0.000000
0.000000
0.000000
0.000000
0.000000
0.000000
0.000000
0.000000
0.000000
0.000000
0.000000
0.000000
0.000000
0.000000
0 size: 4
0.000000
0.000000
0.000000
0.000000
0.000000
0.000000
0.000000
0.000000
0.000000
0.000000
0.000000
0.000000
0.000000
0.000000
0.000000
0.000000
0.000000
0.000001
0.000001
0.000000
0.000000
0.000001
0.000000
0.000000
0.000001
0.000001
0.000001
0.000000
0.000001
0.000000
0.000000
0.000001
0.000001
0.000001
0.000001
0.000000
0.000001
0.000001
0.000001
0.000001
0.000001
0.000001
0.000001
0.000001
0.000001
0.000000
0.000001
0.000001
0.000001
0.000001
0.000001
0.000001
0.000001
0.000001
0.000001
0.000001
0.000001
0.000000
0.000001
0.000000
0.000001
0.000001
0.000001
0.000001
0.000001
0.000000
0.000000
0.000000
0.000000
0.000000
0.000000
0.000000
0.000001
0.000000
0.000001
0.000000
0.000001
0.000001
0.000001
0.000000
0.000000
0.000000
0.000000
0.000001
0.000000
0.000000
0.000000
0.000000
0.000000
0.000000
0.000000
0.000000
0.000000
0.000000
0.000000
0.000000
0.000000
0.000000
0.000000
0.000000
0 size: 5
0.000001
0.000001
0.000001
0.000001
0.000001
0.000001
0.000001
0.000001
0.000001
0.000001
0.000001
0.000001
0.000001
0.000001
0.000001
0.000000
0.000000
0.000001
0.000001
0.000000
0.000001
0.000001
0.000001
0.000001
0.000001
0.000001
0.000001
0.000001
0.000000
0.000001
0.000001
0.000001
0.000001
0.000001
0.000001
0.000001
0.000001
0.000000
0.000001
0.000001
0.000001
0.000001
0.000001
0.000001
0.000000
0.000001
0.000001
0.000001
0.000001
0.000001
0.000001
0.000001
0.000001
0.000000
0.000001
0.000001
0.000001
0.000001
0.000001
0.000001
0.000001
0.000001
0.000001
0.000000
0.000001
0.000001
0.000000
0.000000
0.000000
0.000001
0.000001
0.000001
0.000001
0.000001
0.000001
0.000001
0.000000
0.000001
0.000000
0.000001
0.000001
0.000001
0.000001
0.000000
0.000000
0.000001
0.000001
0.000000
0.000000
0.000000
0.000001
0.000001
0.000001
0.000001
0.000001
0.000001
0.000001
0.000001
0.000000
0.000001
m6.atsp size: 0
0.000003
0.000003
0.000003
0.000003
0.000003
0.000002
0.000003
0.000003
0.000003
0.000002
0.000002
0.000002
0.000003
0.000002
0.000003
0.000003
0.000002
0.000003
0.000002
0.000019
0.000003
0.000021
0.000002
0.000003
0.000002
0.000002
0.000002
0.000002
0.000002
0.000002
0.000002
0.000003
0.000003
0.000003
0.000002
0.000002
0.000002
0.000002
0.000002
0.000002
0.000003
0.000003
0.000002
0.000002
0.000019
0.000002
0.000001
0.000002
0.000003
0.000002
0.000002
0.000002
0.000002
0.000019
0.000002
0.000003
0.000002
0.000002
0.000003
0.000003
0.000003
0.000003
0.000003
0.000002
0.000003
0.000003
0.000003
0.000003
0.000002
0.000003
0.000003
0.000003
0.000002
0.000002
0.000002
0.000002
0.000003
0.000003
0.000002
0.000002
0.000002
0.000002
0.000003
0.000002
0.000002
0.000002
0.000003
0.000002
0.000002
0.000003
0.000002
0.000003
0.000002
0.000002
0.000002
0.000002
0.000002
0.000002
0.000003
0.000003
0 size: 7
0.000007
0.000008
0.000007
0.000007
0.000007
0.000006
0.000014
0.000014
0.000015
0.000014
0.000014
0.000014
0.000014
0.000014
0.000017
0.000014
0.000015
0.000014
0.000014
0.000015
0.000015
0.000016
0.000016
0.000015
0.000015
0.000015
0.000014
0.000015
0.000015
0.000021
0.000013
0.000010
0.000011
0.000009
0.000009
0.000011
0.000012
0.000011
0.000012
0.000010
0.000009
0.000010
0.000009
0.000012
0.000009
0.000014
0.000009
0.000009
0.000009
0.000010
0.000009
0.000010
0.000007
0.000008
0.000010
0.000010
0.000011
0.000010
0.000012
0.000010
0.000008
0.000012
0.000007
0.000008
0.000007
0.000007
0.000006
0.000007
0.000009
0.000007
0.000006
0.000008
0.000008
0.000008
0.000007
0.000007
0.000007
0.000024
0.000007
0.000006
0.000006
0.000005
0.000006
0.000007
0.000007
0.000006
0.000006
0.000006
0.000007
0.000006
0.000008
0.000008
0.000007
0.000006
0.000006
0.000006
0.000007
0.000007
0.000007
0.000006
m8.atsp size: 0
0.000018
0.000044
0.000017
0.000017
0.000018
0.000017
0.000018
0.000027
0.000024
0.000018
0.000041
0.000018
0.000042
0.000019
0.000018
0.000019
0.000017
0.000018
0.000017
0.000018
0.000038
0.000038
0.000038
0.000036
0.000038
0.000043
0.000037
0.000037
0.000039
0.000036
0.000040
0.000035
0.000037
0.000038
0.000039
0.000038
0.000038
0.000038
0.000037
0.000041
0.000038
0.000038
0.000039
0.000037
0.000038
0.000038
0.000038
0.000040
0.000038
0.000038
0.000039
0.000038
0.000038
0.000038
0.000038
0.000038
0.000038
0.000038
0.000042
0.000038
0.000038
0.000047
0.000041
0.000038
0.000038
0.000038
0.000038
0.000039
0.000037
0.000037
0.000040
0.000038
0.000040
0.000038
0.000039
0.000038
0.000040
0.000040
0.000038
0.000047
0.000038
0.000038
0.000044
0.000046
0.000046
0.000069
0.000067
0.000069
0.000070
0.000068
0.000067
0.000090
0.000072
0.000068
0.000072
0.000072
0.000068
0.000068
0.000068
0.000068
m9.atsp size: 0
0.000162
0.000162
0.000162
0.000168
0.000161
0.000164
0.000162
0.000162
0.000164
0.000164
0.000169
0.000163
0.000176
0.000164
0.000182
0.000164
0.000164
0.000168
0.000164
0.000178
0.000163
0.000163
0.000166
0.000166
0.000164
0.000163
0.000163
0.000164
0.000162
0.000188
0.000169
0.000248
0.000163
0.000251
0.000079
0.000077
0.000079
0.000077
0.000077
0.000093
0.000188
0.000166
0.000147
0.000173
0.000146
0.000163
0.000339
0.000072
0.000065
0.000070
0.000071
0.000068
0.000047
0.000047
0.000046
0.000047
0.000048
0.000048
0.000043
0.000064
0.000064
0.000067
0.000068
0.000074
0.000043
0.000043
0.000047
0.000046
0.000043
0.000042
0.000075
0.000051
0.000042
0.000048
0.000045
0.000065
0.000046
0.000046
0.000061
0.000043
0.000041
0.000041
0.000041
0.000042
0.000051
0.000072
0.000070
0.000042
0.000045
0.000045
0.000042
0.000044
0.000043
0.000043
0.000055
0.000071
0.000043
0.000054
0.000047
0.000043
m10.atsp size: 0
0.000105
0.000105
0.000124
0.000141
0.000246
0.000242
0.000236
0.000237
0.000238
0.000234
0.000241
0.000258
0.000236
0.000240
0.000270
0.000235
0.000237
0.000252
0.000236
0.000273
0.000237
0.000237
0.000237
0.000236
0.000279
0.000236
0.000407
0.000394
0.000437
0.000390
0.000396
0.000422
0.000400
0.000435
0.000445
0.000437
0.000405
0.000394
0.000396
0.000395
0.000394
0.000406
0.000395
0.000430
0.000427
0.000420
0.000210
0.000209
0.000141
0.000133
0.000113
0.000136
0.000122
0.000146
0.000245
0.000248
0.000236
0.000242
0.000236
0.000263
0.000398
0.000419
0.000439
0.000401
0.000443
0.000438
0.000438
0.000397
0.000601
0.000402
0.000706
0.000478
0.000395
0.000397
0.000284
0.000371
0.000273
0.000254
0.000256
0.000267
0.000183
0.000155
0.000196
0.000193
0.000155
0.000155
0.000156
0.000155
0.000152
0.000156
0.000153
0.000153
0.000154
0.000152
0.000152
0.000154
0.000159
0.000164
0.000160
0.000167
m11.atsp size: 0
0.000388
0.000381
0.000378
0.000371
0.000366
0.000375
0.000401
0.000389
0.000375
0.000437
0.000890
0.000932
0.000944
0.000856
0.000856
0.000933
0.000868
0.000905
0.000890
0.000910
0.000936
0.000922
0.000940
0.000868
0.000914
0.000972
0.000903
0.000928
0.000934
0.000934
0.000934
0.000496
0.000447
0.000418
0.000409
0.000430
0.000409
0.000411
0.000406
0.000918
0.000906
0.000913
0.001870
0.000907
0.000697
0.000538
0.000581
0.000546
0.000452
0.000434
0.000411
0.000408
0.000442
0.000457
0.000421
0.000416
0.000415
0.000692
0.000437
0.000329
0.000337
0.000260
0.000414
0.000481
0.000424
0.000340
0.000453
0.000321
0.000439
0.000298
0.000433
0.000340
0.000298
0.000253
0.000332
0.000289
0.000281
0.000302
0.000301
0.000280
0.000402
0.000514
0.000415
0.000489
0.000443
0.000469
0.000418
0.000432
0.000463
0.000451
0.000479
0.000433
0.000472
0.000437
0.000664
0.000439
0.000478
0.000278
0.000282
0.000288
m12.atsp size: 0
0.001084
0.001013
0.001178
0.000665
0.000608
0.000621
0.000623
0.000605
0.000635
0.000627
0.000606
0.000962
0.000613
0.000610
0.000853
0.000628
0.000604
0.000587
0.000589
0.000747
0.000595
0.000581
0.000728
0.000613
0.000601
0.000598
0.000602
0.000687
0.000608
0.000683
0.000605
0.000597
0.000666
0.000608
0.000575
0.000990
0.000571
0.000581
0.000621
0.000607
0.000598
0.000693
0.000625
0.000595
0.000606
0.000614
0.000613
0.000592
0.000600
0.000581
0.000568
0.000665
0.000577
0.001098
0.000602
0.000613
0.000616
0.000586
0.000907
0.000603
0.000594
0.000601
0.000608
0.000608
0.000683
0.000601
0.000595
0.000600
0.000585
0.000621
0.000584
0.001031
0.000631
0.000665
0.000963
0.000574
0.000593
0.000602
0.000678
0.000625
0.000613
0.000583
0.001063
0.000645
0.000607
0.000622
0.000599
0.000585
0.000959
0.000606
0.001295
0.000602
0.000585
0.000593
0.000608
0.000656
0.001301
0.001277
0.001414
0.001289
m13.atsp size: 0
0.003799
0.003727
0.001827
0.001797
0.002273
0.001843
0.001814
0.002156
0.001792
0.001828
0.001792
0.001852
0.002228
0.001802
0.001887
0.001829
0.001987
0.002144
0.001801
0.001792
0.002023
0.001791
0.001792
0.002025
0.001788
0.001813
0.002081
0.001817
0.001793
0.001983
0.001810
0.001797
0.001987
0.001797
0.001833
0.001803
0.001922
0.002217
0.001947
0.001865
0.001801
0.001815
0.004059
0.004015
0.004840
0.005136
0.004963
0.005315
0.005022
0.005373
0.005378
0.006241
0.005085
0.002116
0.002110
0.002334
0.002101
0.002115
0.002099
0.002305
0.004285
0.005434
0.008979
0.002178
0.002723
0.002141
0.001397
0.001455
0.001451
0.001377
0.001593
0.001443
0.001409
0.001572
0.001438
0.001415
0.001382
0.001399
0.001634
0.001406
0.001459
0.001583
0.001446
0.001425
0.001790
0.001470
0.001408
0.001529
0.001418
0.001381
0.001462
0.001846
0.001403
0.001430
0.001455
0.001437
0.001542
0.001406
0.001726
0.002024
